# version 39
{"visible":[[[0,32400]]
,[[0,32400]]
,[[0,32400]]
,[[0,32400]]
,[[0,32400]]
,[[0,32400]]
,[[0,32400]]
,[[0,32400]]
,[[0,32400]]
,[[0,32400]]
,[[0,4097],[4,1],[0,176],[4,7],[0,171],[4,11],[0,168],[4,13],[0,167],[4,13],[0,166],[4,15],[0,165],[4,15],[0,165],[4,15],[0,164],[4,17],[0,164],[4,15],[0,165],[4,15],[0,165],[4,15],[3,1],[2,1],[0,164],[4,13],[3,4],[0,163],[4,13],[3,4],[2,1],[0,162],[3,1],[4,11],[3,6],[0,161],[3,4],[4,9],[3,7],[0,160],[3,4],[4,10],[3,6],[0,160],[3,4],[4,11],[3,5],[0,160],[3,4],[4,11],[3,5],[0,159],[2,1],[3,4],[4,11],[3,5],[2,1],[0,159],[3,4],[4,11],[3,5],[0,160],[3,5],[4,10],[3,5],[0,160],[3,5],[4,9],[3,6],[0,160],[3,7],[4,6],[3,7],[0,161],[3,18],[0,162],[2,1],[3,16],[2,1],[0,163],[3,16],[0,165],[2,1],[3,12],[2,1],[0,168],[3,10],[0,174],[2,2],[0,15967],[4,1],[0,178],[4,3],[0,178],[4,1],[0,6751]]
,[[0,32400]]
,[[0,32400]]
,[[0,32400]]
,[[0,32400]]
,[[0,32400]]
,[[0,32400]]
,[[0,32400]]
,[[0,32400]]
,[[0,32400]]
,[[0,32400]]
],"explored":[[[false,32400]]
,[[false,32400]]
,[[false,32400]]
,[[false,32400]]
,[[false,32400]]
,[[false,32400]]
,[[false,32400]]
,[[false,32400]]
,[[false,32400]]
,[[false,32400]]
,[[false,32400]]
,[[false,32400]]
,[[false,32400]]
,[[false,32400]]
,[[false,32400]]
,[[false,32400]]
,[[false,32400]]
,[[false,32400]]
,[[false,32400]]
,[[false,32400]]
,[[false,32400]]
],"notes":[[],[],[],[],[],[],[],[],[],[],[],[],[],[],[],[],[],[],[],[],[]],"extras":[[],[],[],[],[],[],[],[],[],[],[[138,39,"mx_grass"]
,[140,38,"mx_grass2"]
,[141,41,"mx_casings"]
,[142,43,"mx_grass2"]
,[140,44,"mx_point_dead_vegetation"]
,[143,40,"mx_grass2"]
],[],[],[],[],[],[],[],[],[],[]]}